255 255 255 255 255 255 255 255 255 255 255 255 255 255 255 255
255 151 127 127 108 187 107 227 163 211 239 108 127 127 151 255
255 127 165 108 130 231  83 227 151 195 221 130 108 165 127 255
255 127 108  16 127 231 131 251 103 132 182 127  16 108 127 255
255 108 130 127  71 182 191 131 189 192 182  71 127 130 108 255
255 171 179 130 179 181 143  63  91 171 139 182 231 231 187 255
255 131  32 172 150  48  69  80 235 113 199 124  83 119 171 255
255 135 151  65  99 128 166 179 235 151  80 193 167 122 107 255
255 107  99 193 167 192 138 107 143  52 162 189 137 147 162 255
255 113 131 132 151  95  14 132 152 141  79  47  84  55 127 255
255 187 169 182 182 149  51 180 134 107  87 135 124  45 207 255
255 108 130 127  71 228 168  98  91 144 135 183 127 255 127 255
255 127 108  16 127 130 213  91 158   3   5  70 183 255 187 255
255 127 165 108 130 179 155  92 122 123 115 184  76  33 103 255
255 151 127 127 108 171 215 210 191 191 183 234 174 207 165 255
255 255 255 255 255 255 255 255 255 255 255 255 255 255 255 255
255 255 255 255 255 255 255 255 255 255 255 255 255 255 255 255
255 151 127 127 108 187 107 227 163 211 239 108 127 127 151 255
255 127 165 108 130 231  83 227 151 195 221 130 108 165 127 255
255 127 108  16 127 231 131 251 103 132 182 127  16 108 127 255
255 108 130 127  71 182 191 131 189 192 182  71 127 130 108 255
255 171 179 130 179 181 143  63  91 171 139 182 231 231 187 255
255 131  32 172 150  48  69  80 235 113 199 124  83 119 171 255
255 135 151  65  99 128 166 179 235 151  80 193 167 122 107 255
255 107  99 193 167 192 138 107 143  52 162 189 137 147 162 255
255 113 131 132 151  95  14 132 152 141  79  47  84  55 127 255
255 187 169 182 182 149  51 180 134 107  87 135 124  45 207 255
255 108 130 127  71 228 168  98  91 144 135 183 127 255 127 255
255 127 108  16 127 130 213  91 158   3   5  70 183 255 187 255
255 127 165 108 130 179 155  92 122 123 115 184  76  33 103 255
255 151 127 127 108 171 215 210 191 191 183 234 174 207 165 255
255 255 255 255 255 255 255 255 255 255 255 255 255 255 255 255
255 255 255 255 255 255 255 255 255 255 255 255 255 255 255 255
255 151 127 127 108 187 107 227 163 211 239 108 127 127 151 255
255 127 165 108 130 231  83 227 151 195 221 130 108 165 127 255
255 127 108  16 127 231 131 251 103 132 182 127  16 108 127 255
255 108 130 127  71 182 191 131 189 192 182  71 127 130 108 255
255 171 179 130 179 181 143  63  91 171 139 182 231 231 187 255
255 131  32 172 150  48  69  80 235 113 199 124  83 119 171 255
255 135 151  65  99 128 166 179 235 151  80 193 167 122 107 255
255 107  99 193 167 192 138 107 143  52 162 189 137 147 162 255
255 113 131 132 151  95  14 132 152 141  79  47  84  55 127 255
255 187 169 182 182 149  51 180 134 107  87 135 124  45 207 255
255 108 130 127  71 228 168  98  91 144 135 183 127 255 127 255
255 127 108  16 127 130 213  91 158   3   5  70 183 255 187 255
255 127 165 108 130 179 155  92 122 123 115 184  76  33 103 255
255 151 127 127 108 171 215 210 191 191 183 234 174 207 165 255
255 255 255 255 255 255 255 255 255 255 255 255 255 255 255 255

255 255 255 255 255 255 255 255 255 255 255 255 255 255 255 255
255 151 127 127 108 187 171 107 162 127 207 127 187 103 165 255
255 127 165 108 130 231 119 122 147  55  45 255 255  33 207 255
255 127 108  16 127 231  83 167 137  85 124 127 183  76 174 255
255 108 130 127  71 182 124 193 189  47 135 183  71 185 234 255
255 239 221 182 182 139 199  80 162  79  87 135   5 115 183 255
255 211 195 132 192 171 113 151  52 141 107 144   3 123 191 255
255 163 151 103 189  91 235 235 143 152 134  91 159 122 191 255
255 227 227 251 131  63  80 179 107 133 181  99  91  92 210 255
255 107  83 131 191 143  69 166 138  14  51 169 214 155 215 255
255 187 231 231 182 181  48 128 192  95 149 228 130 179 171 255
255 108 130 127  71 179 150  99 167 151 182  71 127 130 108 255
255 127 108  16 127 130 172  65 193 132 182 127  16 108 127 255
255 127 165 108 130 179  32 151  99 131 169 130 108 165 127 255
255 151 127 127 108 171 131 135 107 113 187 108 127 127 151 255
255 255 255 255 255 255 255 255 255 255 255 255 255 255 255 255
255 255 255 255 255 255 255 255 255 255 255 255 255 255 255 255
255 151 127 127 108 187 171 107 162 127 207 127 187 103 165 255
255 127 165 108 130 231 119 122 147  55  45 255 255  33 207 255
255 127 108  16 127 231  83 167 137  85 124 127 183  76 174 255
255 108 130 127  71 182 124 193 189  47 135 183  71 185 234 255
255 239 221 182 182 139 199  80 162  79  87 135   5 115 183 255
255 211 195 132 192 171 113 151  52 141 107 144   3 123 191 255
255 163 151 103 189  91 235 235 143 152 134  91 159 122 191 255
255 227 227 251 131  63  80 179 107 133 181  99  91  92 210 255
255 107  83 131 191 143  69 166 138  14  51 169 214 155 215 255
255 187 231 231 182 181  48 128 192  95 149 228 130 179 171 255
255 108 130 127  71 179 150  99 167 151 182  71 127 130 108 255
255 127 108  16 127 130 172  65 193 132 182 127  16 108 127 255
255 127 165 108 130 179  32 151  99 131 169 130 108 165 127 255
255 151 127 127 108 171 131 135 107 113 187 108 127 127 151 255
255 255 255 255 255 255 255 255 255 255 255 255 255 255 255 255
255 255 255 255 255 255 255 255 255 255 255 255 255 255 255 255
255 151 127 127 108 187 171 107 162 127 207 127 187 103 165 255
255 127 165 108 130 231 119 122 147  55  45 255 255  33 207 255
255 127 108  16 127 231  83 167 137  85 124 127 183  76 174 255
255 108 130 127  71 182 124 193 189  47 135 183  71 185 234 255
255 239 221 182 182 139 199  80 162  79  87 135   5 115 183 255
255 211 195 132 192 171 113 151  52 141 107 144   3 123 191 255
255 163 151 103 189  91 235 235 143 152 134  91 159 122 191 255
255 227 227 251 131  63  80 179 107 133 181  99  91  92 210 255
255 107  83 131 191 143  69 166 138  14  51 169 214 155 215 255
255 187 231 231 182 181  48 128 192  95 149 228 130 179 171 255
255 108 130 127  71 179 150  99 167 151 182  71 127 130 108 255
255 127 108  16 127 130 172  65 193 132 182 127  16 108 127 255
255 127 165 108 130 179  32 151  99 131 169 130 108 165 127 255
255 151 127 127 108 171 131 135 107 113 187 108 127 127 151 255
255 255 255 255 255 255 255 255 255 255 255 255 255 255 255 255

255 255 255 255 255 255 255 255 255 255 255 255 255 255 255 255
255 158 197 172 231 175 191 191 211 207 167 106 127 127 151 255
255 101  43  81 191 111 111 121  87 161 175 133  95 165 127 255
255 183 255 175  71   8   5 157  95 205 133 128  15 120 127 255
255 127 255 126 187 131 152  87  95 176 220  75 127 130 112 255
255 199  52 120 139  83 111 134 179  48 152 185 179 172 188 255
255 123  52  86  43  81 142 154 127  12  99 155 127 136 116 255
255 158 159 146 191 156  53 142 107 142 197 175 191 103 111 255
255 103 119 167 191  75 159 235 175 171 119  95  63 151 143 255
255 167 116  83 127 196 116 235  73  70  50 152 171  27 139 255
255 186 231 231 179 135 175  87  63 146 182 179 127 179 175 255
255 104 130 127  67 186 192 189 131 191 178  75 127 130 112 255
255 127 100  23 127 186 132 107 251 131 223 127   7 115 127 255
255 127 160 112 127 228 192 155 223  87 223 133 103 169 127 255
255 147 127 127 107 244 207 167 223 107 186 109 127 127 155 255
255 255 255 255 255 255 255 255 255 255 255 255 255 255 255 255
255 255 255 255 255 255 255 255 255 255 255 255 255 255 255 255
255 158 197 172 231 175 191 191 211 207 167 106 127 127 151 255
255 101  43  81 191 111 111 121  87 161 175 133  95 165 127 255
255 183 255 175  71   8   5 157  95 205 133 128  15 120 127 255
255 127 255 126 187 131 152  87  95 176 220  75 127 130 112 255
255 199  52 120 139  83 111 134 179  48 152 185 179 172 188 255
255 123  52  86  43  81 142 154 127  12  99 155 127 136 116 255
255 158 159 146 191 156  53 142 107 142 197 175 191 103 111 255
255 103 119 167 191  75 159 235 175 171 119  95  63 151 143 255
255 167 116  83 127 196 116 235  73  70  50 152 171  27 139 255
255 186 231 231 179 135 175  87  63 146 182 179 127 179 175 255
255 104 130 127  67 186 192 189 131 191 178  75 127 130 112 255
255 127 100  23 127 186 132 107 251 131 223 127   7 115 127 255
255 127 160 112 127 228 192 155 223  87 223 133 103 169 127 255
255 147 127 127 107 244 207 167 223 107 186 109 127 127 155 255
255 255 255 255 255 255 255 255 255 255 255 255 255 255 255 255
255 255 255 255 255 255 255 255 255 255 255 255 255 255 255 255
255 158 197 172 231 175 191 191 211 207 167 106 127 127 151 255
255 101  43  81 191 111 111 121  87 161 175 133  95 165 127 255
255 183 255 175  71   8   5 157  95 205 133 128  15 120 127 255
255 127 255 126 187 131 152  87  95 176 220  75 127 130 112 255
255 199  52 120 139  83 111 134 179  48 152 185 179 172 188 255
255 123  52  86  43  81 142 154 127  12  99 155 127 136 116 255
255 158 159 146 191 156  53 142 107 142 197 175 191 103 111 255
255 103 119 167 191  75 159 235 175 171 119  95  63 151 143 255
255 167 116  83 127 196 116 235  73  70  50 152 171  27 139 255
255 186 231 231 179 135 175  87  63 146 182 179 127 179 175 255
255 104 130 127  67 186 192 189 131 191 178  75 127 130 112 255
255 127 100  23 127 186 132 107 251 131 223 127   7 115 127 255
255 127 160 112 127 228 192 155 223  87 223 133 103 169 127 255
255 147 127 127 107 244 207 167 223 107 186 109 127 127 155 255
255 255 255 255 255 255 255 255 255 255 255 255 255 255 255 255

255 255 255 255 255 255 255 255 255 255 255 255 255 255 255 255
255 151 127 127 108 187 113 107 135 131 171 108 127 127 151 255
255 127 165 108 130 169 131  99 151  32 179 130 108 165 127 255
255 127 108  16 127 182 132 193  65 172 130 127  16 108 127 255
255 108 130 127  71 182 151 167  99 150 179  71 127 130 108 255
255 171 179 130 228 149  95 192 128  48 181 182 231 231 187 255
255 215 155 214 169  51  14 138 166  69 143 191 131  83 107 255
255 210  92  91  99 181 133 107 179  80  63 131 251 227 227 255
255 191 122 159  91 134 152 143 235 235  91 189 103 151 163 255
255 191 123   3 144 107 141  52 151 113 171 192 132 195 211 255
255 183 115   5 135  87  79 162  80 199 139 182 182 221 239 255
255 234 185  71 183 135  47 189 193 124 182  71 127 130 108 255
255 174  76 183 127 124  85 137 167  83 231 127  16 108 127 255
255 207  33 255 255  45  55 147 122 119 231 130 108 165 127 255
255 165 103 187 127 207 127 162 107 171 187 108 127 127 151 255
255 255 255 255 255 255 255 255 255 255 255 255 255 255 255 255
255 255 255 255 255 255 255 255 255 255 255 255 255 255 255 255
255 151 127 127 108 187 113 107 135 131 171 108 127 127 151 255
255 127 165 108 130 169 131  99 151  32 179 130 108 165 127 255
255 127 108  16 127 182 132 193  65 172 130 127  16 108 127 255
255 108 130 127  71 182 151 167  99 150 179  71 127 130 108 255
255 171 179 130 228 149  95 192 128  48 181 182 231 231 187 255
255 215 155 214 169  51  14 138 166  69 143 191 131  83 107 255
255 210  92  91  99 181 133 107 179  80  63 131 251 227 227 255
255 191 122 159  91 134 152 143 235 235  91 189 103 151 163 255
255 191 123   3 144 107 141  52 151 113 171 192 132 195 211 255
255 183 115   5 135  87  79 162  80 199 139 182 182 221 239 255
255 234 185  71 183 135  47 189 193 124 182  71 127 130 108 255
255 174  76 183 127 124  85 137 167  83 231 127  16 108 127 255
255 207  33 255 255  45  55 147 122 119 231 130 108 165 127 255
255 165 103 187 127 207 127 162 107 171 187 108 127 127 151 255
255 255 255 255 255 255 255 255 255 255 255 255 255 255 255 255
255 255 255 255 255 255 255 255 255 255 255 255 255 255 255 255
255 151 127 127 108 187 113 107 135 131 171 108 127 127 151 255
255 127 165 108 130 169 131  99 151  32 179 130 108 165 127 255
255 127 108  16 127 182 132 193  65 172 130 127  16 108 127 255
255 108 130 127  71 182 151 167  99 150 179  71 127 130 108 255
255 171 179 130 228 149  95 192 128  48 181 182 231 231 187 255
255 215 155 214 169  51  14 138 166  69 143 191 131  83 107 255
255 210  92  91  99 181 133 107 179  80  63 131 251 227 227 255
255 191 122 159  91 134 152 143 235 235  91 189 103 151 163 255
255 191 123   3 144 107 141  52 151 113 171 192 132 195 211 255
255 183 115   5 135  87  79 162  80 199 139 182 182 221 239 255
255 234 185  71 183 135  47 189 193 124 182  71 127 130 108 255
255 174  76 183 127 124  85 137 167  83 231 127  16 108 127 255
255 207  33 255 255  45  55 147 122 119 231 130 108 165 127 255
255 165 103 187 127 207 127 162 107 171 187 108 127 127 151 255
255 255 255 255 255 255 255 255 255 255 255 255 255 255 255 255
